      0.0100      4.1785           0
      0.0180      4.0764           0
      0.0259      3.9281           0
      0.0339      3.7373           0
      0.0418      3.5591           0
      0.0498      3.4243           0
      0.0578      3.3336           0
      0.0657      3.2741           0
      0.0737      3.2331           0
      0.0816      3.2046           0
      0.0896      3.1833           0
      0.0976      3.1668           0
      0.1055      3.1534           0
      0.1135      3.1418           0
      0.1214      3.1314           0
      0.1294      3.1216           0
      0.1373      3.1122           0
      0.1453      3.1028           0
      0.1533      3.0935           0
      0.1612      3.0842           0
      0.1692      3.0747           0
      0.1771      3.0653           0
      0.1851      3.0556           0
      0.1931      3.0459           0
      0.2010      3.0361           0
      0.2090      3.0245           0
      0.2169      3.0176           0
      0.2249      3.0096           0
      0.2329      2.9932           0
      0.2408      2.9934           0
      0.2488      2.9746           0
      0.2567      2.9611           0
      0.2647      2.9519           0
      0.2727      2.9416           0
      0.2806      2.9243           0
      0.2886      2.9370           0
      0.2965      2.9192           0
      0.3045      2.8997           0
      0.3124      2.8764           0
      0.3204      2.8686           0
      0.3284      2.8774           0
      0.3363      2.8652           0
      0.3443      2.8311           0
      0.1612      3.8915           1
      0.1692      3.8837           1
      0.1771      3.8913           1
      0.1851      3.8081           1
      0.1931      3.8097           1
      0.2010      3.7498           1
      0.2090      3.7679           1
      0.2169      3.7356           1
      0.2249      3.7538           1
      0.2329      3.7028           1
      0.2408      3.7046           1
      0.2488      3.6912           1
      0.2567      3.6961           1
      0.2647      3.7048           1
      0.2727      3.6928           1
      0.2806      3.6850           1
      0.2886      3.6162           1
      0.2965      3.6256           1
      0.3045      3.6578           1
      0.3124      3.6505           1
      0.3204      3.5988           1
      0.3284      3.6298           1
      0.3363      3.6313           1
      0.3443      3.6014           1
      0.3522      3.5971           1
      0.3602      3.5845           1
      0.3682      3.5793           1
      0.3761      3.6149           1
      0.3841      3.6262           1
      0.3920      3.6178           1
      0.4000      3.5836           1
      0.1612      4.4577           2
      0.1692      4.4032           2
      0.1771      4.3205           2
      0.1851      4.2835           2
      0.1931      4.2016           2
      0.2010      4.1923           2
      0.2090      4.1255           2
      0.2169      4.1157           2
      0.2249      4.0618           2
      0.2329      4.0337           2
      0.2408      4.0238           2
      0.2488      4.0305           2
      0.2567      4.0207           2
      0.2647      3.9544           2
      0.2727      3.9400           2
      0.2806      3.9467           2
      0.2886      3.9356           2
      0.2965      3.9101           2
      0.3045      3.8814           2
      0.3124      3.8669           2
      0.3204      3.8674           2
      0.3284      3.8772           2
      0.3363      3.8055           2
      0.3443      3.8268           2
      0.3522      3.8364           2
      0.3602      3.7625           2
      0.3682      3.8137           2
      0.3761      3.7797           2
      0.3841      3.7676           2
      0.3920      3.7704           2
      0.4000      3.7586           2
      0.2488      4.3389           3
      0.2567      4.3463           3
      0.2647      4.2815           3
      0.2727      4.3011           3
      0.2806      4.2894           3
      0.2886      4.2527           3
      0.2965      4.2216           3
      0.3045      4.1858           3
      0.3124      4.1468           3
      0.3204      4.0912           3
      0.3284      4.1033           3
      0.3363      4.0351           3
      0.3443      4.0401           3
      0.3522      4.0028           3
      0.3602      4.0127           3
      0.3682      3.9623           3
      0.3761      4.0000           3
      0.3841      3.9257           3
      0.3920      3.9734           3
      0.4000      3.9158           3
