    1    0.0000    1.4080    2.3769    4.0466
    2    2.0000    1.8359    2.5996    4.6173
    3    4.0000    2.1901    2.8064    5.1059
    4    6.0000    2.4706    2.9973    5.5125
    5    8.0000    2.6773    3.1723    5.8372
    6   10.0000    2.8103    3.3314    6.0798
    7   12.0000    2.8696    3.4746    6.2405
    8   14.0000    2.8899    3.6019    6.3530
    9   16.0000    2.9141    3.7132    6.4593
   10   18.0000    2.9422    3.8086    6.5595
   11   20.0000    2.9743    3.8882    6.6536
   12   22.0000    3.0099    3.9527    6.7444
   13   24.0000    3.0442    4.0099    6.8571
   14   26.0000    3.0759    4.0616    6.9976
   15   28.0000    3.1052    4.1079    7.1659
   16   30.0000    3.1321    4.1487    7.3621
   17   32.0000    3.1565    4.1841    7.5591
   18   34.0000    3.1784    4.2140    7.7134
   19   36.0000    3.1978    4.2385    7.8242
   20   38.0000    3.2148    4.2575    7.8916
   21   40.0000    3.2294    4.2713    7.9179
   22   42.0000    3.2430    4.2834    7.9338
   23   44.0000    3.2559    4.2951    7.9490
   24   46.0000    3.2683    4.3062    7.9635
   25   48.0000    3.2800    4.3168    7.9771
   26   50.0000    3.2911    4.3268    7.9900
   27   52.0000    3.3016    4.3363    8.0022
   28   54.0000    3.3114    4.3453    8.0136
   29   56.0000    3.3206    4.3538    8.0242
   30   58.0000    3.3293    4.3617    8.0341
   31   60.0000    3.3372    4.3691    8.0432
   32   62.0000    3.3446    4.3760    8.0515
   33   64.0000    3.3514    4.3824    8.0591
   34   66.0000    3.3575    4.3882    8.0659
   35   68.0000    3.3630    4.3935    8.0719
   36   70.0000    3.3679    4.3983    8.0772
   37   74.0000    3.3729    4.4023    8.0822
   38   80.0000    3.3769    4.4053    8.0862
   39   88.0000    3.3799    4.4073    8.0892
   40   98.0000    3.3819    4.4083    8.0912
   41  110.0000    3.3819    4.4083    8.0912
   42  124.0000    3.3819    4.4083    8.0912
   43  140.0000    3.3819    4.4083    8.0912
   44  158.0000    3.3819    4.4083    8.0912
   45  178.0000    3.3819    4.4083    8.0912
   46  200.0000    3.3819    4.4083    8.0912
