    1      0.00    2.4686    2.6900    4.5459
    2      2.50    2.6781    3.4250    5.8147
    3      5.00    2.7050    3.4940    5.9454
    4      7.50    2.7284    3.5510    6.0544
    5     10.00    2.7494    3.6000    6.1488
    6     12.50    2.7675    3.6010    6.2283
    7     15.00    2.7839    3.5770    6.2984
    8     17.50    2.7983    3.5080    6.3590
    9     20.00    2.8122    3.4070    6.4158
   10     22.50    2.8262    3.4560    6.4728
   11     25.00    2.8406    3.7950    6.5299
   12     27.50    2.8573    3.8280    6.5950
   13     30.00    2.8764    3.8650    6.6682
   14     32.50    2.8991    3.9080    6.7533
   15     35.00    2.9268    3.9590    6.8544
   16     37.50    2.9610    4.0200    6.9753
   17     40.00    3.0102    4.1050    7.1436
   18     42.50    3.0753    4.2130    7.3562
   19     45.00    3.1791    4.3780    7.6759
   20     47.50    3.2703    4.4190    7.9414
   21     50.00    3.2814    4.4560    7.9728
   22     52.50    3.2859    4.5030    7.9857
   23     55.00    3.2911    4.5310    8.0003
   24     57.50    3.2963    4.5490    8.0150
   25     60.00    3.3015    4.5670    8.0296
   26     62.50    3.3068    4.5750    8.0442
   27     65.00    3.3120    4.5830    8.0587
   28     67.50    3.3165    4.5900    8.0714
   29     70.00    3.3217    4.5980    8.0858
   30     72.50    3.3269    4.6060    8.1003
   31     75.00    3.3354    4.6190    8.1236
   32     80.00    3.3710    4.6740    8.2212
   33     90.00    3.3788    4.6860    8.2423
   34    100.00    3.3872    4.6990    8.2649
   35    110.00    3.3872    4.6990    8.2649
   36    120.00    3.3872    4.6990    8.2649
   37    130.00    3.3872    4.6990    8.2649
   38    140.00    3.3872    4.6990    8.2649
   39    160.00    3.3872    4.6990    8.2649
   39    180.00    3.3872    4.6990    8.2649
   39    210.00    3.3872    4.6990    8.2649
   39    250.00    3.3872    4.6990    8.2649
   39    280.00    3.3872    4.6990    8.2649
   39    320.00    3.3872    4.6990    8.2649
