      0.0100      4.1813           0
      0.0180      4.0789           0
      0.0259      3.9353           0
      0.0339      3.7615           0
      0.0418      3.6062           0
      0.0498      3.4886           0
      0.0578      3.4063           0
      0.0657      3.3486           0
      0.0737      3.3051           0
      0.0816      3.2716           0
      0.0896      3.2437           0
      0.0976      3.2201           0
      0.1055      3.1998           0
      0.1135      3.1813           0
      0.1214      3.1647           0
      0.1294      3.1491           0
      0.1373      3.1348           0
      0.1453      3.1212           0
      0.1533      3.1082           0
      0.1612      3.0960           0
      0.1692      3.0841           0
      0.1771      3.0727           0
      0.1851      3.0614           0
      0.1931      3.0503           0
      0.2010      3.0396           0
      0.2090      3.0305           0
      0.2169      3.0196           0
      0.2249      3.0041           0
      0.2329      2.9917           0
      0.2408      2.9940           0
      0.2488      2.9760           0
      0.2567      2.9587           0
      0.2647      2.9591           0
      0.2727      2.9424           0
      0.2806      2.9265           0
      0.2886      2.9342           0
      0.2965      2.9001           0
      0.3045      2.8997           0
      0.3124      2.8947           0
      0.3204      2.8706           0
      0.3284      2.8421           0
      0.3363      2.8463           0
      0.3443      2.8685           0
      0.1612      3.9729           1
      0.1692      3.9680           1
      0.1771      3.9681           1
      0.1851      3.9132           1
      0.1931      3.8979           1
      0.2010      3.9159           1
      0.2090      3.8469           1
      0.2169      3.8956           1
      0.2249      3.8593           1
      0.2329      3.8570           1
      0.2408      3.8367           1
      0.2488      3.8524           1
      0.2567      3.8303           1
      0.2647      3.8093           1
      0.2727      3.8104           1
      0.2806      3.7484           1
      0.2886      3.8073           1
      0.2965      3.7572           1
      0.3045      3.7252           1
      0.3124      3.7622           1
      0.3204      3.7107           1
      0.3284      3.7070           1
      0.3363      3.7032           1
      0.3443      3.7425           1
      0.3522      3.7092           1
      0.3602      3.7229           1
      0.3682      3.7010           1
      0.3761      3.6972           1
      0.3841      3.7051           1
      0.3920      3.7142           1
      0.4000      3.6518           1
      0.1612      4.4455           2
      0.1692      4.4076           2
      0.1771      4.4092           2
      0.1851      4.3869           2
      0.1931      4.3018           2
      0.2010      4.3090           2
      0.2090      4.2327           2
      0.2169      4.2137           2
      0.2249      4.1423           2
      0.2329      4.1825           2
      0.2408      4.1320           2
      0.2488      4.1011           2
      0.2567      4.0988           2
      0.2647      4.0784           2
      0.2727      4.0377           2
      0.2806      3.9783           2
      0.2886      3.9680           2
      0.2965      3.9997           2
      0.3045      3.9790           2
      0.3124      3.9456           2
      0.3204      3.9476           2
      0.3284      3.9089           2
      0.3363      3.9487           2
      0.3443      3.9186           2
      0.3522      3.8896           2
      0.3602      3.9007           2
      0.3682      3.8465           2
      0.3761      3.8752           2
      0.3841      3.8283           2
      0.3920      3.8397           2
      0.4000      3.8093           2
      0.2488      4.3886           3
      0.2567      4.3567           3
      0.2647      4.3856           3
      0.2727      4.3503           3
      0.2806      4.3316           3
      0.2886      4.2399           3
      0.2965      4.2740           3
      0.3045      4.2046           3
      0.3124      4.1970           3
      0.3204      4.1343           3
      0.3284      4.1327           3
      0.3363      4.1105           3
      0.3443      4.1176           3
      0.3522      4.0633           3
      0.3602      4.0946           3
      0.3682      4.0603           3
      0.3761      4.0553           3
      0.3841      3.9943           3
      0.3920      4.0335           3
      0.4000      3.9628           3
